<?xml version="1.0" standalone="no"?>
<!DOCTYPE svg PUBLIC "-//W3C//DTD SVG 20010904//EN"
 "http://www.w3.org/TR/2001/REC-SVG-20010904/DTD/svg10.dtd">
<svg version="1.0" xmlns="http://www.w3.org/2000/svg"
 width="512.000000pt" height="512.000000pt" viewBox="0 0 512.000000 512.000000"
 preserveAspectRatio="xMidYMid meet">
<g transform="translate(0.000000,512.000000) scale(0.100000,-0.100000)"
fill="#000000" stroke="none">
<path d="M2320 4989 c-287 -31 -571 -111 -815 -230 -142 -68 -165 -87 -165
-134 0 -36 36 -75 71 -75 10 0 67 24 126 54 499 250 1058 308 1611 166 125
-31 263 -84 407 -154 145 -71 204 -105 329 -191 70 -49 85 -64 80 -80 -30
-107 -29 -152 7 -235 24 -56 89 -121 146 -146 24 -11 65 -17 113 -17 94 -1
152 25 215 95 71 79 91 172 59 278 -22 73 -107 159 -183 185 -66 21 -150 16
-207 -13 l-40 -20 -59 45 c-315 236 -681 390 -1083 454 -146 23 -476 33 -612
18z"/>
<path d="M781 4498 c-143 -55 -213 -214 -162 -366 l22 -63 -60 -82 c-161 -223
-270 -444 -355 -717 -125 -403 -139 -852 -39 -1275 44 -189 137 -435 218 -580
36 -66 48 -75 95 -75 31 0 70 39 70 70 0 9 -31 82 -69 161 -155 323 -222 619
-224 994 -2 322 55 602 185 905 91 214 280 509 316 495 196 -75 398 60 396
265 -1 87 -32 157 -95 214 -84 76 -191 95 -298 54z"/>
<path d="M4571 3754 c-12 -15 -21 -34 -21 -44 0 -9 31 -82 69 -161 38 -79 83
-185 99 -234 205 -603 161 -1239 -124 -1796 -54 -106 -198 -333 -225 -356 -11
-9 -28 -8 -69 3 -92 25 -188 0 -264 -66 -121 -107 -122 -308 -1 -419 62 -57
106 -74 195 -74 94 -1 152 25 215 95 70 78 93 184 59 273 -8 22 -18 47 -20 55
-3 9 37 78 92 160 218 327 351 677 405 1070 17 122 17 476 0 600 -34 252 -104
497 -207 724 -67 150 -102 196 -149 196 -24 0 -39 -7 -54 -26z"/>
<path d="M830 1171 c-94 -20 -186 -102 -216 -193 -44 -134 25 -291 156 -351
63 -29 179 -29 235 0 l41 21 39 -30 c170 -129 438 -275 646 -352 615 -226
1316 -185 1920 113 57 29 110 59 117 68 22 30 15 79 -14 102 -15 12 -35 21
-46 21 -10 0 -62 -22 -116 -49 -277 -141 -553 -216 -887 -241 -507 -38 -1040
111 -1459 409 -44 31 -84 59 -89 62 -4 3 -1 32 8 63 27 93 3 192 -64 269 -60
68 -182 107 -271 88z"/>
</g>

<!-- Central List Container -->
<g transform="translate(-159.000000, 655.00000) scale(0.150000,-0.150000)">
  <!-- List background rectangle -->
  <rect x="1800" y="1900" width="1920" height="1500" rx="120" ry="120" 
        fill="none" stroke="#000000" stroke-width="120"/>
  
  <!-- List items -->
  <!-- First list item -->
  <!-- <circle cx="2000" cy="2300" r="60" fill="#000000"/> -->
  <rect x="2000" y="2250" width="1500" height="120" rx="50" fill="#000000"/>
  
  <!-- Second list item -->
  <!-- <circle cx="2000" cy="2650" r="60" fill="#000000"/> -->
  <rect x="2000" y="2600" width="1500" height="120" rx="50" fill="#000000"/>
  
  <!-- Third list item -->
  <!-- <circle cx="2000" cy="3000" r="60" fill="#000000"/> -->
  <rect x="2000" y="2950" width="1500" height="120" rx="50" fill="#000000"/>
</g>
</svg>